keep=0.47302583708442136
threshold=8.5845510198557
probabilityInterespecies=0.006556061070567235
probabilityNoCrossoverOff=0.5589668483610661
probabilityWeightMutated=0.03864149315439769
probabilityAddNodeSmall=0.03332960877536102
probabilityAddLink_small=0.04471541566308297
probabilityAddNodeLarge=0.044090441042854936
probabilityAddLink_Large=0.7430305142371575
largeSize=97
c1=7.677560727895573
c2=4.850192362155136
c3=0.760346804935584
initial_weight=30.0
numberGenomes=2
numberInputs=80
numberOutputs=40
evolutions=3
n_max=200
learningRate=10.0
inputWeights=0.0,150.0
weightsRange=-20.0,80.0
process_max=2
function=cartpole2
